title:PVE_ver.longum
description:for PVE

// Randy's Throwing Knife - 랜디의수리검 (pve)
//notes: tags:pve
dimwishlist:item=3292795429&perks=839105230,1561002382,247725512,1015611457,4091460919,2302094943
dimwishlist:item=3292795429&perks=839105230,1561002382,247725512,1015611457,4091460919,38912240
dimwishlist:item=3292795429&perks=839105230,1561002382,247725512,3425386926,4091460919,2302094943
dimwishlist:item=3292795429&perks=839105230,1561002382,247725512,3425386926,4091460919,38912240
dimwishlist:item=3292795429&perks=839105230,1561002382,247725512,4082225868,4091460919,2302094943
dimwishlist:item=3292795429&perks=839105230,1561002382,247725512,4082225868,4091460919,38912240
dimwishlist:item=3292795429&perks=839105230,1561002382,247725512,3891536761,4091460919,2302094943
dimwishlist:item=3292795429&perks=839105230,1561002382,247725512,3891536761,4091460919,38912240
dimwishlist:item=3292795429&perks=839105230,1561002382,1428297954,1015611457,4091460919,2302094943
dimwishlist:item=3292795429&perks=839105230,1561002382,1428297954,1015611457,4091460919,38912240
dimwishlist:item=3292795429&perks=839105230,1561002382,1428297954,3425386926,4091460919,2302094943
dimwishlist:item=3292795429&perks=839105230,1561002382,1428297954,3425386926,4091460919,38912240
dimwishlist:item=3292795429&perks=839105230,1561002382,1428297954,4082225868,4091460919,2302094943
dimwishlist:item=3292795429&perks=839105230,1561002382,1428297954,4082225868,4091460919,38912240
dimwishlist:item=3292795429&perks=839105230,1561002382,1428297954,3891536761,4091460919,2302094943
dimwishlist:item=3292795429&perks=839105230,1561002382,1428297954,3891536761,4091460919,38912240
dimwishlist:item=3292795429&perks=839105230,1968497646,247725512,1015611457,4091460919,2302094943
dimwishlist:item=3292795429&perks=839105230,1968497646,247725512,1015611457,4091460919,38912240
dimwishlist:item=3292795429&perks=839105230,1968497646,247725512,3425386926,4091460919,2302094943
dimwishlist:item=3292795429&perks=839105230,1968497646,247725512,3425386926,4091460919,38912240
dimwishlist:item=3292795429&perks=839105230,1968497646,247725512,4082225868,4091460919,2302094943
dimwishlist:item=3292795429&perks=839105230,1968497646,247725512,4082225868,4091460919,38912240
dimwishlist:item=3292795429&perks=839105230,1968497646,247725512,3891536761,4091460919,2302094943
dimwishlist:item=3292795429&perks=839105230,1968497646,247725512,3891536761,4091460919,38912240
dimwishlist:item=3292795429&perks=839105230,1968497646,1428297954,1015611457,4091460919,2302094943
dimwishlist:item=3292795429&perks=839105230,1968497646,1428297954,1015611457,4091460919,38912240
dimwishlist:item=3292795429&perks=839105230,1968497646,1428297954,3425386926,4091460919,2302094943
dimwishlist:item=3292795429&perks=839105230,1968497646,1428297954,3425386926,4091460919,38912240
dimwishlist:item=3292795429&perks=839105230,1968497646,1428297954,4082225868,4091460919,2302094943
dimwishlist:item=3292795429&perks=839105230,1968497646,1428297954,4082225868,4091460919,38912240
dimwishlist:item=3292795429&perks=839105230,1968497646,1428297954,3891536761,4091460919,2302094943
dimwishlist:item=3292795429&perks=839105230,1968497646,1428297954,3891536761,4091460919,38912240
dimwishlist:item=3292795429&perks=839105230,1885400500,247725512,1015611457,4091460919,2302094943
dimwishlist:item=3292795429&perks=839105230,1885400500,247725512,1015611457,4091460919,38912240
dimwishlist:item=3292795429&perks=839105230,1885400500,247725512,3425386926,4091460919,2302094943
dimwishlist:item=3292795429&perks=839105230,1885400500,247725512,3425386926,4091460919,38912240
dimwishlist:item=3292795429&perks=839105230,1885400500,247725512,4082225868,4091460919,2302094943
dimwishlist:item=3292795429&perks=839105230,1885400500,247725512,4082225868,4091460919,38912240
dimwishlist:item=3292795429&perks=839105230,1885400500,247725512,3891536761,4091460919,2302094943
dimwishlist:item=3292795429&perks=839105230,1885400500,247725512,3891536761,4091460919,38912240
dimwishlist:item=3292795429&perks=839105230,1885400500,1428297954,1015611457,4091460919,2302094943
dimwishlist:item=3292795429&perks=839105230,1885400500,1428297954,1015611457,4091460919,38912240
dimwishlist:item=3292795429&perks=839105230,1885400500,1428297954,3425386926,4091460919,2302094943
dimwishlist:item=3292795429&perks=839105230,1885400500,1428297954,3425386926,4091460919,38912240
dimwishlist:item=3292795429&perks=839105230,1885400500,1428297954,4082225868,4091460919,2302094943
dimwishlist:item=3292795429&perks=839105230,1885400500,1428297954,4082225868,4091460919,38912240
dimwishlist:item=3292795429&perks=839105230,1885400500,1428297954,3891536761,4091460919,2302094943
dimwishlist:item=3292795429&perks=839105230,1885400500,1428297954,3891536761,4091460919,38912240
dimwishlist:item=3292795429&perks=839105230,2420895100,247725512,1015611457,4091460919,2302094943
dimwishlist:item=3292795429&perks=839105230,2420895100,247725512,1015611457,4091460919,38912240
dimwishlist:item=3292795429&perks=839105230,2420895100,247725512,3425386926,4091460919,2302094943
dimwishlist:item=3292795429&perks=839105230,2420895100,247725512,3425386926,4091460919,38912240
dimwishlist:item=3292795429&perks=839105230,2420895100,247725512,4082225868,4091460919,2302094943
dimwishlist:item=3292795429&perks=839105230,2420895100,247725512,4082225868,4091460919,38912240
dimwishlist:item=3292795429&perks=839105230,2420895100,247725512,3891536761,4091460919,2302094943
dimwishlist:item=3292795429&perks=839105230,2420895100,247725512,3891536761,4091460919,38912240
dimwishlist:item=3292795429&perks=839105230,2420895100,1428297954,1015611457,4091460919,2302094943
dimwishlist:item=3292795429&perks=839105230,2420895100,1428297954,1015611457,4091460919,38912240
dimwishlist:item=3292795429&perks=839105230,2420895100,1428297954,3425386926,4091460919,2302094943
dimwishlist:item=3292795429&perks=839105230,2420895100,1428297954,3425386926,4091460919,38912240
dimwishlist:item=3292795429&perks=839105230,2420895100,1428297954,4082225868,4091460919,2302094943
dimwishlist:item=3292795429&perks=839105230,2420895100,1428297954,4082225868,4091460919,38912240
dimwishlist:item=3292795429&perks=839105230,2420895100,1428297954,3891536761,4091460919,2302094943
dimwishlist:item=3292795429&perks=839105230,2420895100,1428297954,3891536761,4091460919,38912240
dimwishlist:item=3292795429&perks=1840239774,1561002382,247725512,1015611457,4091460919,2302094943
dimwishlist:item=3292795429&perks=1840239774,1561002382,247725512,1015611457,4091460919,38912240
dimwishlist:item=3292795429&perks=1840239774,1561002382,247725512,3425386926,4091460919,2302094943
dimwishlist:item=3292795429&perks=1840239774,1561002382,247725512,3425386926,4091460919,38912240
dimwishlist:item=3292795429&perks=1840239774,1561002382,247725512,4082225868,4091460919,2302094943
dimwishlist:item=3292795429&perks=1840239774,1561002382,247725512,4082225868,4091460919,38912240
dimwishlist:item=3292795429&perks=1840239774,1561002382,247725512,3891536761,4091460919,2302094943
dimwishlist:item=3292795429&perks=1840239774,1561002382,247725512,3891536761,4091460919,38912240
dimwishlist:item=3292795429&perks=1840239774,1561002382,1428297954,1015611457,4091460919,2302094943
dimwishlist:item=3292795429&perks=1840239774,1561002382,1428297954,1015611457,4091460919,38912240
dimwishlist:item=3292795429&perks=1840239774,1561002382,1428297954,3425386926,4091460919,2302094943
dimwishlist:item=3292795429&perks=1840239774,1561002382,1428297954,3425386926,4091460919,38912240
dimwishlist:item=3292795429&perks=1840239774,1561002382,1428297954,4082225868,4091460919,2302094943
dimwishlist:item=3292795429&perks=1840239774,1561002382,1428297954,4082225868,4091460919,38912240
dimwishlist:item=3292795429&perks=1840239774,1561002382,1428297954,3891536761,4091460919,2302094943
dimwishlist:item=3292795429&perks=1840239774,1561002382,1428297954,3891536761,4091460919,38912240
dimwishlist:item=3292795429&perks=1840239774,1968497646,247725512,1015611457,4091460919,2302094943
dimwishlist:item=3292795429&perks=1840239774,1968497646,247725512,1015611457,4091460919,38912240
dimwishlist:item=3292795429&perks=1840239774,1968497646,247725512,3425386926,4091460919,2302094943
dimwishlist:item=3292795429&perks=1840239774,1968497646,247725512,3425386926,4091460919,38912240
dimwishlist:item=3292795429&perks=1840239774,1968497646,247725512,4082225868,4091460919,2302094943
dimwishlist:item=3292795429&perks=1840239774,1968497646,247725512,4082225868,4091460919,38912240
dimwishlist:item=3292795429&perks=1840239774,1968497646,247725512,3891536761,4091460919,2302094943
dimwishlist:item=3292795429&perks=1840239774,1968497646,247725512,3891536761,4091460919,38912240
dimwishlist:item=3292795429&perks=1840239774,1968497646,1428297954,1015611457,4091460919,2302094943
dimwishlist:item=3292795429&perks=1840239774,1968497646,1428297954,1015611457,4091460919,38912240
dimwishlist:item=3292795429&perks=1840239774,1968497646,1428297954,3425386926,4091460919,2302094943
dimwishlist:item=3292795429&perks=1840239774,1968497646,1428297954,3425386926,4091460919,38912240
dimwishlist:item=3292795429&perks=1840239774,1968497646,1428297954,4082225868,4091460919,2302094943
dimwishlist:item=3292795429&perks=1840239774,1968497646,1428297954,4082225868,4091460919,38912240
dimwishlist:item=3292795429&perks=1840239774,1968497646,1428297954,3891536761,4091460919,2302094943
dimwishlist:item=3292795429&perks=1840239774,1968497646,1428297954,3891536761,4091460919,38912240
dimwishlist:item=3292795429&perks=1840239774,1885400500,247725512,1015611457,4091460919,2302094943
dimwishlist:item=3292795429&perks=1840239774,1885400500,247725512,1015611457,4091460919,38912240
dimwishlist:item=3292795429&perks=1840239774,1885400500,247725512,3425386926,4091460919,2302094943
dimwishlist:item=3292795429&perks=1840239774,1885400500,247725512,3425386926,4091460919,38912240
dimwishlist:item=3292795429&perks=1840239774,1885400500,247725512,4082225868,4091460919,2302094943
dimwishlist:item=3292795429&perks=1840239774,1885400500,247725512,4082225868,4091460919,38912240
dimwishlist:item=3292795429&perks=1840239774,1885400500,247725512,3891536761,4091460919,2302094943
dimwishlist:item=3292795429&perks=1840239774,1885400500,247725512,3891536761,4091460919,38912240
dimwishlist:item=3292795429&perks=1840239774,1885400500,1428297954,1015611457,4091460919,2302094943
dimwishlist:item=3292795429&perks=1840239774,1885400500,1428297954,1015611457,4091460919,38912240
dimwishlist:item=3292795429&perks=1840239774,1885400500,1428297954,3425386926,4091460919,2302094943
dimwishlist:item=3292795429&perks=1840239774,1885400500,1428297954,3425386926,4091460919,38912240
dimwishlist:item=3292795429&perks=1840239774,1885400500,1428297954,4082225868,4091460919,2302094943
dimwishlist:item=3292795429&perks=1840239774,1885400500,1428297954,4082225868,4091460919,38912240
dimwishlist:item=3292795429&perks=1840239774,1885400500,1428297954,3891536761,4091460919,2302094943
dimwishlist:item=3292795429&perks=1840239774,1885400500,1428297954,3891536761,4091460919,38912240
dimwishlist:item=3292795429&perks=1840239774,2420895100,247725512,1015611457,4091460919,2302094943
dimwishlist:item=3292795429&perks=1840239774,2420895100,247725512,1015611457,4091460919,38912240
dimwishlist:item=3292795429&perks=1840239774,2420895100,247725512,3425386926,4091460919,2302094943
dimwishlist:item=3292795429&perks=1840239774,2420895100,247725512,3425386926,4091460919,38912240
dimwishlist:item=3292795429&perks=1840239774,2420895100,247725512,4082225868,4091460919,2302094943
dimwishlist:item=3292795429&perks=1840239774,2420895100,247725512,4082225868,4091460919,38912240
dimwishlist:item=3292795429&perks=1840239774,2420895100,247725512,3891536761,4091460919,2302094943
dimwishlist:item=3292795429&perks=1840239774,2420895100,247725512,3891536761,4091460919,38912240
dimwishlist:item=3292795429&perks=1840239774,2420895100,1428297954,1015611457,4091460919,2302094943
dimwishlist:item=3292795429&perks=1840239774,2420895100,1428297954,1015611457,4091460919,38912240
dimwishlist:item=3292795429&perks=1840239774,2420895100,1428297954,3425386926,4091460919,2302094943
dimwishlist:item=3292795429&perks=1840239774,2420895100,1428297954,3425386926,4091460919,38912240
dimwishlist:item=3292795429&perks=1840239774,2420895100,1428297954,4082225868,4091460919,2302094943
dimwishlist:item=3292795429&perks=1840239774,2420895100,1428297954,4082225868,4091460919,38912240
dimwishlist:item=3292795429&perks=1840239774,2420895100,1428297954,3891536761,4091460919,2302094943
dimwishlist:item=3292795429&perks=1840239774,2420895100,1428297954,3891536761,4091460919,38912240
dimwishlist:item=3292795429&perks=4090651448,1561002382,247725512,1015611457,4091460919,2302094943
dimwishlist:item=3292795429&perks=4090651448,1561002382,247725512,1015611457,4091460919,38912240
dimwishlist:item=3292795429&perks=4090651448,1561002382,247725512,3425386926,4091460919,2302094943
dimwishlist:item=3292795429&perks=4090651448,1561002382,247725512,3425386926,4091460919,38912240
dimwishlist:item=3292795429&perks=4090651448,1561002382,247725512,4082225868,4091460919,2302094943
dimwishlist:item=3292795429&perks=4090651448,1561002382,247725512,4082225868,4091460919,38912240
dimwishlist:item=3292795429&perks=4090651448,1561002382,247725512,3891536761,4091460919,2302094943
dimwishlist:item=3292795429&perks=4090651448,1561002382,247725512,3891536761,4091460919,38912240
dimwishlist:item=3292795429&perks=4090651448,1561002382,1428297954,1015611457,4091460919,2302094943
dimwishlist:item=3292795429&perks=4090651448,1561002382,1428297954,1015611457,4091460919,38912240
dimwishlist:item=3292795429&perks=4090651448,1561002382,1428297954,3425386926,4091460919,2302094943
dimwishlist:item=3292795429&perks=4090651448,1561002382,1428297954,3425386926,4091460919,38912240
dimwishlist:item=3292795429&perks=4090651448,1561002382,1428297954,4082225868,4091460919,2302094943
dimwishlist:item=3292795429&perks=4090651448,1561002382,1428297954,4082225868,4091460919,38912240
dimwishlist:item=3292795429&perks=4090651448,1561002382,1428297954,3891536761,4091460919,2302094943
dimwishlist:item=3292795429&perks=4090651448,1561002382,1428297954,3891536761,4091460919,38912240
dimwishlist:item=3292795429&perks=4090651448,1968497646,247725512,1015611457,4091460919,2302094943
dimwishlist:item=3292795429&perks=4090651448,1968497646,247725512,1015611457,4091460919,38912240
dimwishlist:item=3292795429&perks=4090651448,1968497646,247725512,3425386926,4091460919,2302094943
dimwishlist:item=3292795429&perks=4090651448,1968497646,247725512,3425386926,4091460919,38912240
dimwishlist:item=3292795429&perks=4090651448,1968497646,247725512,4082225868,4091460919,2302094943
dimwishlist:item=3292795429&perks=4090651448,1968497646,247725512,4082225868,4091460919,38912240
dimwishlist:item=3292795429&perks=4090651448,1968497646,247725512,3891536761,4091460919,2302094943
dimwishlist:item=3292795429&perks=4090651448,1968497646,247725512,3891536761,4091460919,38912240
dimwishlist:item=3292795429&perks=4090651448,1968497646,1428297954,1015611457,4091460919,2302094943
dimwishlist:item=3292795429&perks=4090651448,1968497646,1428297954,1015611457,4091460919,38912240
dimwishlist:item=3292795429&perks=4090651448,1968497646,1428297954,3425386926,4091460919,2302094943
dimwishlist:item=3292795429&perks=4090651448,1968497646,1428297954,3425386926,4091460919,38912240
dimwishlist:item=3292795429&perks=4090651448,1968497646,1428297954,4082225868,4091460919,2302094943
dimwishlist:item=3292795429&perks=4090651448,1968497646,1428297954,4082225868,4091460919,38912240
dimwishlist:item=3292795429&perks=4090651448,1968497646,1428297954,3891536761,4091460919,2302094943
dimwishlist:item=3292795429&perks=4090651448,1968497646,1428297954,3891536761,4091460919,38912240
dimwishlist:item=3292795429&perks=4090651448,1885400500,247725512,1015611457,4091460919,2302094943
dimwishlist:item=3292795429&perks=4090651448,1885400500,247725512,1015611457,4091460919,38912240
dimwishlist:item=3292795429&perks=4090651448,1885400500,247725512,3425386926,4091460919,2302094943
dimwishlist:item=3292795429&perks=4090651448,1885400500,247725512,3425386926,4091460919,38912240
dimwishlist:item=3292795429&perks=4090651448,1885400500,247725512,4082225868,4091460919,2302094943
dimwishlist:item=3292795429&perks=4090651448,1885400500,247725512,4082225868,4091460919,38912240
dimwishlist:item=3292795429&perks=4090651448,1885400500,247725512,3891536761,4091460919,2302094943
dimwishlist:item=3292795429&perks=4090651448,1885400500,247725512,3891536761,4091460919,38912240
dimwishlist:item=3292795429&perks=4090651448,1885400500,1428297954,1015611457,4091460919,2302094943
dimwishlist:item=3292795429&perks=4090651448,1885400500,1428297954,1015611457,4091460919,38912240
dimwishlist:item=3292795429&perks=4090651448,1885400500,1428297954,3425386926,4091460919,2302094943
dimwishlist:item=3292795429&perks=4090651448,1885400500,1428297954,3425386926,4091460919,38912240
dimwishlist:item=3292795429&perks=4090651448,1885400500,1428297954,4082225868,4091460919,2302094943
dimwishlist:item=3292795429&perks=4090651448,1885400500,1428297954,4082225868,4091460919,38912240
dimwishlist:item=3292795429&perks=4090651448,1885400500,1428297954,3891536761,4091460919,2302094943
dimwishlist:item=3292795429&perks=4090651448,1885400500,1428297954,3891536761,4091460919,38912240
dimwishlist:item=3292795429&perks=4090651448,2420895100,247725512,1015611457,4091460919,2302094943
dimwishlist:item=3292795429&perks=4090651448,2420895100,247725512,1015611457,4091460919,38912240
dimwishlist:item=3292795429&perks=4090651448,2420895100,247725512,3425386926,4091460919,2302094943
dimwishlist:item=3292795429&perks=4090651448,2420895100,247725512,3425386926,4091460919,38912240
dimwishlist:item=3292795429&perks=4090651448,2420895100,247725512,4082225868,4091460919,2302094943
dimwishlist:item=3292795429&perks=4090651448,2420895100,247725512,4082225868,4091460919,38912240
dimwishlist:item=3292795429&perks=4090651448,2420895100,247725512,3891536761,4091460919,2302094943
dimwishlist:item=3292795429&perks=4090651448,2420895100,247725512,3891536761,4091460919,38912240
dimwishlist:item=3292795429&perks=4090651448,2420895100,1428297954,1015611457,4091460919,2302094943
dimwishlist:item=3292795429&perks=4090651448,2420895100,1428297954,1015611457,4091460919,38912240
dimwishlist:item=3292795429&perks=4090651448,2420895100,1428297954,3425386926,4091460919,2302094943
dimwishlist:item=3292795429&perks=4090651448,2420895100,1428297954,3425386926,4091460919,38912240
dimwishlist:item=3292795429&perks=4090651448,2420895100,1428297954,4082225868,4091460919,2302094943
dimwishlist:item=3292795429&perks=4090651448,2420895100,1428297954,4082225868,4091460919,38912240
dimwishlist:item=3292795429&perks=4090651448,2420895100,1428297954,3891536761,4091460919,2302094943
dimwishlist:item=3292795429&perks=4090651448,2420895100,1428297954,3891536761,4091460919,38912240
dimwishlist:item=3292795429&perks=1392496348,1561002382,247725512,1015611457,4091460919,2302094943
dimwishlist:item=3292795429&perks=1392496348,1561002382,247725512,1015611457,4091460919,38912240
dimwishlist:item=3292795429&perks=1392496348,1561002382,247725512,3425386926,4091460919,2302094943
dimwishlist:item=3292795429&perks=1392496348,1561002382,247725512,3425386926,4091460919,38912240
dimwishlist:item=3292795429&perks=1392496348,1561002382,247725512,4082225868,4091460919,2302094943
dimwishlist:item=3292795429&perks=1392496348,1561002382,247725512,4082225868,4091460919,38912240
dimwishlist:item=3292795429&perks=1392496348,1561002382,247725512,3891536761,4091460919,2302094943
dimwishlist:item=3292795429&perks=1392496348,1561002382,247725512,3891536761,4091460919,38912240
dimwishlist:item=3292795429&perks=1392496348,1561002382,1428297954,1015611457,4091460919,2302094943
dimwishlist:item=3292795429&perks=1392496348,1561002382,1428297954,1015611457,4091460919,38912240
dimwishlist:item=3292795429&perks=1392496348,1561002382,1428297954,3425386926,4091460919,2302094943
dimwishlist:item=3292795429&perks=1392496348,1561002382,1428297954,3425386926,4091460919,38912240
dimwishlist:item=3292795429&perks=1392496348,1561002382,1428297954,4082225868,4091460919,2302094943
dimwishlist:item=3292795429&perks=1392496348,1561002382,1428297954,4082225868,4091460919,38912240
dimwishlist:item=3292795429&perks=1392496348,1561002382,1428297954,3891536761,4091460919,2302094943
dimwishlist:item=3292795429&perks=1392496348,1561002382,1428297954,3891536761,4091460919,38912240
dimwishlist:item=3292795429&perks=1392496348,1968497646,247725512,1015611457,4091460919,2302094943
dimwishlist:item=3292795429&perks=1392496348,1968497646,247725512,1015611457,4091460919,38912240
dimwishlist:item=3292795429&perks=1392496348,1968497646,247725512,3425386926,4091460919,2302094943
dimwishlist:item=3292795429&perks=1392496348,1968497646,247725512,3425386926,4091460919,38912240
dimwishlist:item=3292795429&perks=1392496348,1968497646,247725512,4082225868,4091460919,2302094943
dimwishlist:item=3292795429&perks=1392496348,1968497646,247725512,4082225868,4091460919,38912240
dimwishlist:item=3292795429&perks=1392496348,1968497646,247725512,3891536761,4091460919,2302094943
dimwishlist:item=3292795429&perks=1392496348,1968497646,247725512,3891536761,4091460919,38912240
dimwishlist:item=3292795429&perks=1392496348,1968497646,1428297954,1015611457,4091460919,2302094943
dimwishlist:item=3292795429&perks=1392496348,1968497646,1428297954,1015611457,4091460919,38912240
dimwishlist:item=3292795429&perks=1392496348,1968497646,1428297954,3425386926,4091460919,2302094943
dimwishlist:item=3292795429&perks=1392496348,1968497646,1428297954,3425386926,4091460919,38912240
dimwishlist:item=3292795429&perks=1392496348,1968497646,1428297954,4082225868,4091460919,2302094943
dimwishlist:item=3292795429&perks=1392496348,1968497646,1428297954,4082225868,4091460919,38912240
dimwishlist:item=3292795429&perks=1392496348,1968497646,1428297954,3891536761,4091460919,2302094943
dimwishlist:item=3292795429&perks=1392496348,1968497646,1428297954,3891536761,4091460919,38912240
dimwishlist:item=3292795429&perks=1392496348,1885400500,247725512,1015611457,4091460919,2302094943
dimwishlist:item=3292795429&perks=1392496348,1885400500,247725512,1015611457,4091460919,38912240
dimwishlist:item=3292795429&perks=1392496348,1885400500,247725512,3425386926,4091460919,2302094943
dimwishlist:item=3292795429&perks=1392496348,1885400500,247725512,3425386926,4091460919,38912240
dimwishlist:item=3292795429&perks=1392496348,1885400500,247725512,4082225868,4091460919,2302094943
dimwishlist:item=3292795429&perks=1392496348,1885400500,247725512,4082225868,4091460919,38912240
dimwishlist:item=3292795429&perks=1392496348,1885400500,247725512,3891536761,4091460919,2302094943
dimwishlist:item=3292795429&perks=1392496348,1885400500,247725512,3891536761,4091460919,38912240
dimwishlist:item=3292795429&perks=1392496348,1885400500,1428297954,1015611457,4091460919,2302094943
dimwishlist:item=3292795429&perks=1392496348,1885400500,1428297954,1015611457,4091460919,38912240
dimwishlist:item=3292795429&perks=1392496348,1885400500,1428297954,3425386926,4091460919,2302094943
dimwishlist:item=3292795429&perks=1392496348,1885400500,1428297954,3425386926,4091460919,38912240
dimwishlist:item=3292795429&perks=1392496348,1885400500,1428297954,4082225868,4091460919,2302094943
dimwishlist:item=3292795429&perks=1392496348,1885400500,1428297954,4082225868,4091460919,38912240
dimwishlist:item=3292795429&perks=1392496348,1885400500,1428297954,3891536761,4091460919,2302094943
dimwishlist:item=3292795429&perks=1392496348,1885400500,1428297954,3891536761,4091460919,38912240
dimwishlist:item=3292795429&perks=1392496348,2420895100,247725512,1015611457,4091460919,2302094943
dimwishlist:item=3292795429&perks=1392496348,2420895100,247725512,1015611457,4091460919,38912240
dimwishlist:item=3292795429&perks=1392496348,2420895100,247725512,3425386926,4091460919,2302094943
dimwishlist:item=3292795429&perks=1392496348,2420895100,247725512,3425386926,4091460919,38912240
dimwishlist:item=3292795429&perks=1392496348,2420895100,247725512,4082225868,4091460919,2302094943
dimwishlist:item=3292795429&perks=1392496348,2420895100,247725512,4082225868,4091460919,38912240
dimwishlist:item=3292795429&perks=1392496348,2420895100,247725512,3891536761,4091460919,2302094943
dimwishlist:item=3292795429&perks=1392496348,2420895100,247725512,3891536761,4091460919,38912240
dimwishlist:item=3292795429&perks=1392496348,2420895100,1428297954,1015611457,4091460919,2302094943
dimwishlist:item=3292795429&perks=1392496348,2420895100,1428297954,1015611457,4091460919,38912240
dimwishlist:item=3292795429&perks=1392496348,2420895100,1428297954,3425386926,4091460919,2302094943
dimwishlist:item=3292795429&perks=1392496348,2420895100,1428297954,3425386926,4091460919,38912240
dimwishlist:item=3292795429&perks=1392496348,2420895100,1428297954,4082225868,4091460919,2302094943
dimwishlist:item=3292795429&perks=1392496348,2420895100,1428297954,4082225868,4091460919,38912240
dimwishlist:item=3292795429&perks=1392496348,2420895100,1428297954,3891536761,4091460919,2302094943
dimwishlist:item=3292795429&perks=1392496348,2420895100,1428297954,3891536761,4091460919,38912240
dimwishlist:item=3292795429&perks=1482024992,1561002382,247725512,1015611457,4091460919,2302094943
dimwishlist:item=3292795429&perks=1482024992,1561002382,247725512,1015611457,4091460919,38912240
dimwishlist:item=3292795429&perks=1482024992,1561002382,247725512,3425386926,4091460919,2302094943
dimwishlist:item=3292795429&perks=1482024992,1561002382,247725512,3425386926,4091460919,38912240
dimwishlist:item=3292795429&perks=1482024992,1561002382,247725512,4082225868,4091460919,2302094943
dimwishlist:item=3292795429&perks=1482024992,1561002382,247725512,4082225868,4091460919,38912240
dimwishlist:item=3292795429&perks=1482024992,1561002382,247725512,3891536761,4091460919,2302094943
dimwishlist:item=3292795429&perks=1482024992,1561002382,247725512,3891536761,4091460919,38912240
dimwishlist:item=3292795429&perks=1482024992,1561002382,1428297954,1015611457,4091460919,2302094943
dimwishlist:item=3292795429&perks=1482024992,1561002382,1428297954,1015611457,4091460919,38912240
dimwishlist:item=3292795429&perks=1482024992,1561002382,1428297954,3425386926,4091460919,2302094943
dimwishlist:item=3292795429&perks=1482024992,1561002382,1428297954,3425386926,4091460919,38912240
dimwishlist:item=3292795429&perks=1482024992,1561002382,1428297954,4082225868,4091460919,2302094943
dimwishlist:item=3292795429&perks=1482024992,1561002382,1428297954,4082225868,4091460919,38912240
dimwishlist:item=3292795429&perks=1482024992,1561002382,1428297954,3891536761,4091460919,2302094943
dimwishlist:item=3292795429&perks=1482024992,1561002382,1428297954,3891536761,4091460919,38912240
dimwishlist:item=3292795429&perks=1482024992,1968497646,247725512,1015611457,4091460919,2302094943
dimwishlist:item=3292795429&perks=1482024992,1968497646,247725512,1015611457,4091460919,38912240
dimwishlist:item=3292795429&perks=1482024992,1968497646,247725512,3425386926,4091460919,2302094943
dimwishlist:item=3292795429&perks=1482024992,1968497646,247725512,3425386926,4091460919,38912240
dimwishlist:item=3292795429&perks=1482024992,1968497646,247725512,4082225868,4091460919,2302094943
dimwishlist:item=3292795429&perks=1482024992,1968497646,247725512,4082225868,4091460919,38912240
dimwishlist:item=3292795429&perks=1482024992,1968497646,247725512,3891536761,4091460919,2302094943
dimwishlist:item=3292795429&perks=1482024992,1968497646,247725512,3891536761,4091460919,38912240
dimwishlist:item=3292795429&perks=1482024992,1968497646,1428297954,1015611457,4091460919,2302094943
dimwishlist:item=3292795429&perks=1482024992,1968497646,1428297954,1015611457,4091460919,38912240
dimwishlist:item=3292795429&perks=1482024992,1968497646,1428297954,3425386926,4091460919,2302094943
dimwishlist:item=3292795429&perks=1482024992,1968497646,1428297954,3425386926,4091460919,38912240
dimwishlist:item=3292795429&perks=1482024992,1968497646,1428297954,4082225868,4091460919,2302094943
dimwishlist:item=3292795429&perks=1482024992,1968497646,1428297954,4082225868,4091460919,38912240
dimwishlist:item=3292795429&perks=1482024992,1968497646,1428297954,3891536761,4091460919,2302094943
dimwishlist:item=3292795429&perks=1482024992,1968497646,1428297954,3891536761,4091460919,38912240
dimwishlist:item=3292795429&perks=1482024992,1885400500,247725512,1015611457,4091460919,2302094943
dimwishlist:item=3292795429&perks=1482024992,1885400500,247725512,1015611457,4091460919,38912240
dimwishlist:item=3292795429&perks=1482024992,1885400500,247725512,3425386926,4091460919,2302094943
dimwishlist:item=3292795429&perks=1482024992,1885400500,247725512,3425386926,4091460919,38912240
dimwishlist:item=3292795429&perks=1482024992,1885400500,247725512,4082225868,4091460919,2302094943
dimwishlist:item=3292795429&perks=1482024992,1885400500,247725512,4082225868,4091460919,38912240
dimwishlist:item=3292795429&perks=1482024992,1885400500,247725512,3891536761,4091460919,2302094943
dimwishlist:item=3292795429&perks=1482024992,1885400500,247725512,3891536761,4091460919,38912240
dimwishlist:item=3292795429&perks=1482024992,1885400500,1428297954,1015611457,4091460919,2302094943
dimwishlist:item=3292795429&perks=1482024992,1885400500,1428297954,1015611457,4091460919,38912240
dimwishlist:item=3292795429&perks=1482024992,1885400500,1428297954,3425386926,4091460919,2302094943
dimwishlist:item=3292795429&perks=1482024992,1885400500,1428297954,3425386926,4091460919,38912240
dimwishlist:item=3292795429&perks=1482024992,1885400500,1428297954,4082225868,4091460919,2302094943
dimwishlist:item=3292795429&perks=1482024992,1885400500,1428297954,4082225868,4091460919,38912240
dimwishlist:item=3292795429&perks=1482024992,1885400500,1428297954,3891536761,4091460919,2302094943
dimwishlist:item=3292795429&perks=1482024992,1885400500,1428297954,3891536761,4091460919,38912240
dimwishlist:item=3292795429&perks=1482024992,2420895100,247725512,1015611457,4091460919,2302094943
dimwishlist:item=3292795429&perks=1482024992,2420895100,247725512,1015611457,4091460919,38912240
dimwishlist:item=3292795429&perks=1482024992,2420895100,247725512,3425386926,4091460919,2302094943
dimwishlist:item=3292795429&perks=1482024992,2420895100,247725512,3425386926,4091460919,38912240
dimwishlist:item=3292795429&perks=1482024992,2420895100,247725512,4082225868,4091460919,2302094943
dimwishlist:item=3292795429&perks=1482024992,2420895100,247725512,4082225868,4091460919,38912240
dimwishlist:item=3292795429&perks=1482024992,2420895100,247725512,3891536761,4091460919,2302094943
dimwishlist:item=3292795429&perks=1482024992,2420895100,247725512,3891536761,4091460919,38912240
dimwishlist:item=3292795429&perks=1482024992,2420895100,1428297954,1015611457,4091460919,2302094943
dimwishlist:item=3292795429&perks=1482024992,2420895100,1428297954,1015611457,4091460919,38912240
dimwishlist:item=3292795429&perks=1482024992,2420895100,1428297954,3425386926,4091460919,2302094943
dimwishlist:item=3292795429&perks=1482024992,2420895100,1428297954,3425386926,4091460919,38912240
dimwishlist:item=3292795429&perks=1482024992,2420895100,1428297954,4082225868,4091460919,2302094943
dimwishlist:item=3292795429&perks=1482024992,2420895100,1428297954,4082225868,4091460919,38912240
dimwishlist:item=3292795429&perks=1482024992,2420895100,1428297954,3891536761,4091460919,2302094943
dimwishlist:item=3292795429&perks=1482024992,2420895100,1428297954,3891536761,4091460919,38912240


